
Array Size = 37
    78    84    83    14    24    25    80     2    17    21
    39    79    34    85     8    35    30    52    57    99
    43    41    46    16    71    23    16    30    32    15
    72    65    16     7    72    38    72

Array Size = 30
  1007  1007  1009  1009  1010  1011  1015  1023  1024  1025
  1029  1029  1033  1039  1040  1041  1043  1044  1046  1050
  1056  1057  1057  1059  1066  1066  1067  1085  1089  1090


Array Size = 43
  2091  2080  2015  2058  2060  2023  2042  2034  2059  2002
  2026  2027  2071  2024  2062  2076  2042  2059  2060  2002
  2073  2081  2044  2037  2085  2012  2000  2032  2076  2066
  2038  2087  2086  2041  2020  2077  2064  2072  2038  2048
  2023  2078  2046

Array Size = 27
  3000  3000  3003  3005  3006  3011  3012  3013  3021  3026
  3028  3035  3038  3044  3045  3053  3053  3054  3061  3072
  3074  3076  3077  3080  3081  3097  3099

Array Size = 88
  4098  4078  4061  4070  4038  4050  4004  4003  4073  4057
  4073  4083  4060  4067  4048  4008  4082  4096  4050  4005
  4013  4096  4080  4010  4067  4093  4025  4077  4011  4014
  4046  4075  4011  4095  4014  4023  4006  4009  4027  4053
  4078  4018  4086  4059  4070  4080  4042  4051  4032  4094
  4064  4068  4084  4024  4021  4028  4020  4034  4089  4018
  4022  4000  4097  4014  4086  4089  4018  4050  4053  4082
  4094  4092  4067  4003  4026  4054  4069  4006  4074  4088
  4019  4099  4025  4028  4079  4080  4061  4025

Array Size = 65
  5001  5001  5004  5004  5004  5005  5010  5011  5012  5012
  5013  5014  5015  5017  5018  5018  5018  5020  5025  5025
  5026  5027  5030  5030  5032  5034  5036  5038  5039  5043
  5044  5045  5046  5047  5052  5052  5053  5054  5056  5059
  5060  5060  5062  5062  5062  5064  5072  5073  5075  5076
  5076  5078  5080  5084  5085  5087  5092  5092  5093  5093
  5094  5096  5097  5098  5099

Array Size = 49
  6020  6006  6089  6049  6005  6037  6070  6077  6079  6056
  6074  6069  6025  6068  6088  6035  6025  6044  6068  6011
  6012  6051  6010  6092  6016  6076  6090  6003  6035  6023
  6094  6013  6023  6058  6029  6088  6001  6038  6057  6002
  6016  6008  6040  6051  6035  6025  6064  6099  6078

Array Size = 35
  7000  7004  7005  7007  7009  7018  7019  7021  7028  7029
  7030  7041  7050  7052  7052  7063  7063  7068  7070  7072
  7072  7076  7080  7085  7085  7085  7085  7087  7087  7088
  7090  7096  7098  7099  7099

Array Size = 76
  8080  8075  8085  8062  8065  8012  8029  8023  8060  8084
  8084  8079  8080  8081  8027  8095  8086  8000  8062  8060
  8068  8032  8037  8046  8094  8046  8053  8031  8092  8006
  8051  8019  8072  8020  8046  8043  8034  8030  8099  8018
  8064  8003  8057  8059  8093  8095  8080  8088  8041  8084
  8044  8042  8061  8085  8025  8014  8082  8006  8052  8074
  8023  8084  8042  8092  8094  8050  8013  8077  8045  8036
  8000  8061  8051  8005  8084  8091

Array Size = 49
  9003  9006  9009  9012  9013  9015  9016  9020  9021  9021
  9022  9023  9027  9028  9028  9030  9032  9033  9036  9042
  9044  9049  9049  9050  9052  9056  9057  9061  9061  9062
  9063  9063  9064  9069  9073  9076  9076  9076  9079  9080
  9085  9089  9090  9090  9092  9093  9094  9095  9098

Array Size = 60
 10039 10079 10029 10058 10027 10096 10038 10055 10067 10076
 10075 10037 10091 10068 10073 10056 10055 10098 10041 10093
 10058 10042 10033 10011 10036 10001 10061 10067 10096 10020
 10040 10051 10018 10085 10080 10077 10014 10012 10036 10074
 10064 10014 10040 10054 10001 10069 10015 10042 10033 10019
 10096 10006 10006 10093 10007 10012 10035 10036 10046 10024


Array Size = 25
 11002 11005 11008 11013 11022 11023 11025 11032 11032 11033
 11034 11036 11054 11058 11066 11067 11072 11075 11085 11088
 11088 11093 11094 11098 11098

Array Size = 71
 12015 12054 12098 12003 12022 12088 12089 12018 12021 12026
 12084 12012 12005 12025 12054 12004 12094 12092 12009 12040
 12055 12045 12072 12093 12004 12024 12096 12071 12075 12091
 12030 12013 12098 12033 12062 12012 12074 12026 12008 12053
 12055 12093 12019 12021 12078 12044 12014 12057 12001 12012
 12048 12020 12055 12010 12049 12070 12052 12069 12052 12039
 12061 12018 12086 12097 12027 12084 12025 12024 12046 12061
 12015

Array Size = 50
 13006 13007 13007 13008 13008 13012 13014 13017 13018 13019
 13029 13030 13033 13033 13034 13034 13036 13038 13038 13039
 13043 13043 13043 13046 13047 13049 13052 13053 13053 13055
 13064 13065 13069 13069 13075 13076 13078 13078 13079 13082
 13084 13085 13088 13089 13093 13095 13095 13097 13097 13097


Array Size = 89
 14095 14008 14053 14047 14032 14086 14029 14058 14020 14080
 14057 14060 14014 14040 14011 14095 14068 14083 14023 14001
 14078 14000 14001 14050 14053 14062 14024 14090 14020 14059
 14078 14086 14041 14025 14009 14010 14094 14070 14027 14083
 14049 14014 14011 14064 14076 14042 14063 14056 14091 14014
 14047 14017 14087 14082 14077 14060 14016 14085 14061 14097
 14024 14043 14048 14010 14005 14020 14055 14053 14086 14073
 14075 14021 14067 14083 14013 14057 14041 14080 14051 14029
 14038 14066 14045 14052 14042 14080 14019 14012 14020

Array Size = 18
 15000 15001 15003 15014 15015 15016 15017 15018 15029 15037
 15040 15044 15046 15046 15046 15062 15071 15083

Array Size = 48
 16018 16036 16093 16007 16086 16074 16076 16015 16041 16080
 16008 16014 16011 16035 16049 16089 16071 16058 16021 16009
 16048 16068 16049 16061 16012 16056 16001 16064 16075 16023
 16047 16017 16090 16070 16027 16073 16085 16027 16084 16097
 16001 16035 16071 16099 16092 16094 16081 16073

Array Size = 25
 17004 17007 17007 17009 17012 17017 17022 17022 17023 17035
 17043 17044 17045 17050 17052 17060 17061 17064 17068 17075
 17079 17089 17092 17097 17099

Array Size = 79
 18098 18035 18023 18097 18055 18001 18065 18013 18095 18052
 18016 18060 18053 18055 18066 18087 18016 18069 18028 18071
 18035 18023 18064 18074 18065 18012 18035 18077 18089 18017
 18048 18038 18000 18090 18083 18049 18052 18039 18066 18078
 18061 18065 18098 18012 18022 18082 18080 18004 18080 18059
 18081 18091 18043 18049 18065 18063 18026 18073 18069 18037
 18022 18061 18052 18024 18042 18059 18068 18096 18048 18005
 18074 18064 18059 18041 18085 18018 18014 18079 18079

Array Size = 42
 19000 19000 19004 19004 19005 19006 19006 19009 19012 19016
 19016 19019 19021 19021 19021 19028 19032 19034 19034 19038
 19041 19044 19046 19049 19052 19052 19052 19055 19057 19061
 19064 19064 19064 19068 19071 19071 19074 19092 19094 19095
 19095 19096

Array Size = 26
 20085 20042 20048 20025 20003 20013 20059 20072 20084 20077
 20082 20048 20064 20011 20007 20073 20041 20098 20067 20087
 20072 20062 20021 20068 20004 20066

Array Size = 45
 21003 21007 21011 21019 21030 21030 21035 21037 21040 21040
 21041 21042 21043 21044 21045 21046 21047 21048 21051 21052
 21053 21055 21057 21058 21063 21064 21065 21066 21069 21069
 21074 21078 21080 21085 21085 21086 21089 21090 21091 21091
 21092 21094 21096 21098 21099

Array Size = 14
 22066 22019 22085 22085 22023 22041 22070 22038 22032 22062
 22069 22054 22030 22052

Array Size = 78
 23000 23001 23003 23003 23004 23006 23006 23006 23007 23009
 23011 23012 23012 23013 23014 23015 23015 23015 23019 23022
 23027 23027 23030 23031 23032 23033 23033 23036 23036 23036
 23037 23037 23037 23040 23040 23042 23044 23045 23048 23051
 23051 23051 23051 23053 23053 23054 23057 23057 23059 23060
 23063 23066 23066 23068 23068 23069 23071 23073 23075 23075
 23075 23075 23076 23077 23078 23080 23083 23086 23087 23088
 23089 23089 23092 23093 23093 23093 23093 23094

Array Size = 13
 24055 24034 24000 24026 24016 24035 24088 24040 24005 24057
 24055 24064 24070

Array Size = 33
 25006 25012 25012 25015 25015 25022 25024 25026 25033 25034
 25034 25038 25040 25042 25042 25046 25048 25050 25054 25055
 25056 25057 25058 25061 25065 25067 25076 25078 25078 25082
 25088 25095 25096

Array Size = 68
 26064 26028 26000 26025 26033 26018 26040 26044 26081 26028
 26059 26007 26006 26093 26071 26089 26089 26087 26006 26087
 26094 26070 26030 26063 26057 26052 26067 26085 26005 26022
 26094 26012 26084 26098 26065 26098 26032 26036 26027 26082
 26021 26003 26068 26064 26010 26061 26021 26003 26012 26028
 26011 26008 26041 26072 26069 26055 26057 26072 26029 26055
 26071 26021 26058 26041 26080 26002 26081 26077

Array Size = 54
 27000 27003 27007 27007 27008 27008 27009 27017 27017 27018
 27021 27022 27026 27026 27026 27029 27034 27035 27035 27040
 27040 27042 27042 27043 27044 27044 27046 27046 27048 27050
 27059 27059 27061 27061 27066 27070 27072 27072 27073 27079
 27084 27085 27090 27091 27092 27092 27092 27093 27094 27096
 27097 27098 27099 27099

Array Size = 42
 28040 28041 28049 28005 28059 28016 28056 28032 28064 28055
 28099 28081 28034 28041 28082 28063 28032 28068 28051 28002
 28032 28053 28055 28018 28014 28053 28003 28063 28022 28041
 28043 28027 28007 28036 28071 28029 28010 28051 28062 28063
 28022 28065

Array Size = 44
 29001 29002 29005 29008 29008 29009 29012 29013 29014 29016
 29020 29022 29028 29034 29036 29038 29039 29042 29042 29045
 29048 29050 29051 29052 29057 29062 29063 29066 29066 29070
 29070 29073 29077 29078 29082 29085 29086 29086 29086 29086
 29087 29092 29094 29095

Array Size = 59
 30021 30042 30061 30050 30099 30073 30086 30020 30092 30077
 30073 30000 30077 30053 30007 30092 30057 30053 30062 30069
 30042 30072 30006 30062 30051 30035 30032 30067 30006 30068
 30062 30023 30028 30006 30039 30099 30003 30033 30034 30020
 30001 30007 30013 30011 30024 30090 30090 30099 30097 30018
 30045 30005 30037 30044 30051 30017 30031 30007 30010

Array Size = 28
 31002 31004 31005 31006 31008 31020 31021 31023 31028 31030
 31030 31037 31040 31044 31049 31058 31064 31065 31070 31071
 31075 31076 31081 31081 31092 31094 31094 31097

Array Size = 43
 32092 32021 32036 32063 32023 32032 32077 32071 32029 32005
 32092 32085 32009 32033 32062 32044 32096 32047 32039 32049
 32064 32009 32085 32094 32099 32068 32067 32005 32033 32037
 32024 32024 32004 32094 32033 32042 32034 32069 32019 32021
 32096 32050 32064

Array Size = 26
 33000 33001 33003 33007 33008 33014 33015 33015 33018 33022
 33029 33030 33047 33048 33050 33052 33052 33053 33065 33074
 33076 33076 33084 33085 33089 33097

Array Size = 38
 34074 34079 34043 34082 34063 34041 34058 34045 34091 34038
 34025 34079 34014 34072 34048 34036 34027 34048 34092 34044
 34015 34097 34064 34002 34039 34090 34021 34083 34008 34050
 34095 34023 34086 34078 34052 34029 34039 34096

Array Size = 17
 35004 35005 35006 35018 35029 35032 35033 35040 35044 35053
 35061 35063 35067 35072 35073 35079 35098

Array Size = 81
 36053 36083 36036 36037 36002 36044 36049 36021 36058 36033
 36040 36020 36069 36089 36038 36024 36042 36009 36014 36015
 36097 36049 36011 36016 36037 36094 36023 36069 36014 36014
 36094 36087 36061 36077 36007 36013 36016 36061 36075 36025
 36095 36073 36071 36005 36001 36081 36057 36033 36006 36093
 36017 36004 36069 36004 36099 36039 36055 36007 36042 36038
 36005 36042 36038 36051 36083 36088 36014 36001 36083 36081
 36000 36098 36001 36059 36074 36094 36098 36077 36009 36019
 36034

Array Size = 46
 37001 37006 37008 37008 37009 37011 37019 37020 37020 37025
 37025 37035 37039 37042 37043 37048 37052 37053 37058 37061
 37064 37065 37065 37066 37067 37067 37069 37069 37070 37071
 37072 37076 37077 37079 37080 37085 37087 37088 37091 37092
 37093 37093 37094 37095 37096 37096

Array Size = 21
 38036 38074 38007 38002 38091 38070 38091 38055 38013 38097
 38005 38070 38066 38071 38028 38037 38093 38092 38054 38050
 38037

Array Size = 50
 39006 39006 39006 39006 39006 39012 39012 39013 39013 39016
 39019 39019 39022 39022 39023 39032 39039 39043 39047 39047
 39048 39048 39049 39053 39053 39053 39059 39067 39071 39072
 39075 39078 39078 39079 39079 39081 39082 39086 39086 39086
 39088 39090 39092 39092 39092 39095 39095 39096 39097 39098


Array Size = 61
 40068 40069 40039 40015 40094 40041 40067 40054 40087 40035
 40073 40069 40044 40047 40043 40077 40031 40053 40033 40028
 40031 40042 40071 40037 40089 40033 40097 40041 40036 40061
 40067 40030 40064 40008 40033 40061 40098 40074 40080 40030
 40044 40055 40046 40088 40083 40051 40016 40018 40083 40046
 40021 40021 40013 40083 40012 40075 40060 40038 40069 40006
 40013

Array Size = 99
 41000 41001 41003 41003 41004 41005 41005 41005 41007 41009
 41009 41009 41011 41011 41011 41013 41016 41017 41017 41018
 41019 41020 41021 41022 41023 41023 41024 41024 41024 41024
 41025 41028 41028 41029 41029 41032 41032 41032 41033 41033
 41034 41036 41040 41041 41043 41044 41045 41046 41047 41048
 41049 41050 41050 41050 41051 41055 41055 41057 41057 41058
 41058 41061 41061 41065 41066 41066 41066 41066 41068 41069
 41071 41073 41073 41075 41076 41076 41076 41078 41080 41080
 41080 41082 41082 41083 41087 41089 41091 41092 41092 41094
 41096 41097 41097 41098 41098 41099 41099 41099 41099

Array Size = 96
 42068 42005 42052 42093 42054 42054 42012 42054 42056 42069
 42001 42080 42090 42010 42071 42069 42050 42009 42033 42000
 42063 42002 42014 42013 42092 42064 42063 42056 42069 42071
 42031 42080 42042 42050 42037 42032 42031 42024 42073 42015
 42038 42040 42026 42094 42044 42098 42088 42076 42056 42027
 42011 42054 42076 42093 42088 42002 42035 42006 42050 42032
 42091 42061 42045 42091 42014 42003 42059 42093 42026 42007
 42072 42099 42032 42037 42093 42068 42052 42011 42085 42012
 42023 42027 42078 42034 42067 42033 42047 42015 42020 42095
 42013 42029 42064 42001 42067 42008

Array Size = 17
 43007 43009 43012 43012 43015 43018 43018 43029 43036 43036
 43046 43048 43048 43056 43080 43082 43091

Array Size = 21
 44003 44030 44061 44007 44076 44046 44092 44008 44007 44006
 44055 44093 44048 44088 44021 44017 44098 44013 44062 44027
 44043

Array Size = 78
 45000 45000 45000 45001 45002 45002 45004 45011 45011 45018
 45018 45020 45021 45022 45023 45024 45025 45026 45026 45027
 45027 45030 45032 45033 45035 45036 45037 45037 45038 45040
 45041 45041 45044 45047 45047 45047 45047 45049 45049 45050
 45051 45053 45053 45054 45054 45056 45058 45060 45065 45065
 45065 45066 45067 45071 45071 45073 45074 45075 45075 45076
 45078 45078 45082 45083 45084 45085 45086 45089 45090 45092
 45093 45097 45097 45097 45097 45097 45099 45099

Array Size = 32
 46026 46022 46027 46067 46096 46069 46009 46042 46035 46031
 46061 46074 46036 46086 46057 46036 46018 46004 46080 46047
 46060 46034 46068 46047 46097 46078 46084 46089 46030 46003
 46089 46018

Array Size = 34
 47005 47008 47008 47010 47012 47018 47019 47019 47020 47021
 47023 47025 47028 47028 47030 47034 47036 47037 47039 47040
 47041 47042 47045 47045 47062 47062 47063 47068 47070 47079
 47083 47085 47093 47099

Array Size = 40
 48011 48097 48079 48042 48032 48033 48092 48044 48007 48068
 48008 48019 48028 48089 48084 48030 48070 48044 48042 48020
 48060 48075 48013 48079 48027 48030 48016 48088 48083 48023
 48099 48090 48089 48061 48018 48076 48060 48080 48074 48090


Array Size = 83
 49003 49005 49007 49007 49007 49008 49009 49011 49012 49012
 49013 49013 49013 49013 49013 49015 49015 49015 49016 49019
 49020 49020 49021 49021 49022 49022 49025 49025 49027 49030
 49033 49033 49035 49037 49037 49038 49040 49041 49041 49046
 49046 49048 49051 49052 49052 49053 49055 49056 49057 49057
 49062 49063 49063 49066 49067 49068 49068 49071 49072 49074
 49075 49075 49075 49077 49077 49078 49078 49080 49082 49082
 49083 49085 49085 49089 49090 49093 49094 49094 49095 49096
 49096 49096 49098

Array Size = 71
 50019 50038 50025 50050 50054 50031 50004 50073 50059 50093
 50053 50051 50022 50064 50053 50047 50059 50025 50055 50042
 50016 50087 50079 50065 50057 50042 50089 50009 50035 50041
 50071 50019 50033 50045 50070 50091 50009 50080 50007 50047
 50077 50002 50060 50033 50034 50099 50081 50064 50031 50050
 50008 50038 50050 50072 50055 50081 50026 50043 50067 50057
 50040 50018 50068 50072 50095 50085 50099 50028 50003 50051
 50082

Array Size = 75
 51000 51003 51003 51006 51006 51006 51007 51009 51009 51010
 51010 51011 51011 51011 51013 51015 51015 51016 51018 51019
 51020 51020 51021 51021 51022 51023 51024 51024 51037 51038
 51040 51043 51044 51045 51046 51046 51050 51050 51050 51055
 51056 51056 51059 51062 51062 51063 51063 51064 51064 51065
 51066 51072 51074 51079 51081 51083 51085 51086 51088 51088
 51089 51089 51089 51089 51090 51091 51091 51092 51092 51092
 51093 51094 51094 51095 51099

Array Size = 80
 52017 52069 52004 52065 52001 52021 52080 52038 52092 52019
 52076 52056 52095 52065 52088 52030 52098 52018 52000 52066
 52027 52065 52094 52068 52032 52060 52015 52037 52004 52038
 52034 52007 52093 52009 52040 52024 52001 52021 52069 52085
 52035 52007 52049 52047 52019 52060 52041 52005 52007 52011
 52087 52016 52086 52034 52011 52076 52070 52084 52058 52000
 52078 52058 52018 52071 52015 52019 52027 52002 52030 52022
 52044 52049 52054 52073 52033 52054 52017 52034 52049 52033


Array Size = 72
 53000 53000 53002 53004 53007 53010 53012 53014 53017 53019
 53024 53026 53027 53027 53028 53028 53030 53030 53031 53034
 53034 53034 53036 53039 53039 53040 53042 53043 53044 53044
 53047 53047 53047 53048 53048 53053 53054 53054 53056 53056
 53057 53059 53061 53061 53063 53063 53069 53069 53071 53071
 53071 53076 53079 53079 53080 53080 53081 53085 53086 53087
 53087 53087 53088 53088 53088 53089 53089 53091 53092 53097
 53098 53099

Array Size = 57
 54092 54082 54065 54060 54006 54075 54016 54042 54094 54074
 54097 54019 54092 54021 54057 54024 54026 54055 54081 54026
 54067 54079 54052 54068 54023 54024 54093 54024 54051 54030
 54031 54001 54063 54048 54052 54053 54031 54077 54044 54039
 54018 54003 54034 54013 54094 54044 54088 54042 54013 54071
 54034 54040 54046 54017 54047 54012 54075

Array Size = 26
 55009 55012 55014 55033 55034 55036 55036 55037 55045 55045
 55047 55048 55064 55069 55072 55079 55079 55080 55080 55082
 55084 55084 55085 55088 55092 55094

Array Size = 30
 56020 56019 56047 56089 56032 56041 56020 56017 56040 56034
 56007 56079 56012 56067 56077 56062 56003 56090 56084 56005
 56059 56055 56083 56074 56098 56090 56092 56087 56074 56067


Array Size = 75
 57000 57001 57002 57002 57003 57005 57006 57006 57006 57007
 57008 57009 57010 57010 57011 57011 57011 57014 57015 57015
 57016 57016 57023 57024 57024 57026 57026 57027 57027 57028
 57029 57030 57031 57034 57034 57036 57036 57038 57039 57040
 57043 57049 57049 57050 57051 57051 57054 57055 57062 57062
 57063 57064 57064 57066 57068 57068 57070 57074 57075 57075
 57076 57078 57083 57086 57087 57088 57089 57090 57092 57094
 57094 57095 57096 57096 57098

Array Size = 98
 58062 58028 58051 58032 58019 58028 58013 58004 58033 58069
 58064 58048 58099 58023 58015 58090 58025 58001 58059 58033
 58081 58004 58091 58005 58027 58009 58010 58048 58044 58029
 58058 58028 58098 58096 58083 58032 58072 58049 58023 58041
 58039 58069 58001 58017 58055 58052 58015 58001 58004 58044
 58050 58037 58086 58074 58044 58067 58025 58072 58043 58012
 58059 58003 58066 58041 58011 58000 58071 58084 58081 58019
 58004 58048 58046 58060 58084 58073 58091 58078 58076 58062
 58051 58043 58092 58079 58023 58038 58031 58016 58073 58077
 58024 58043 58069 58098 58010 58099 58063 58086

Array Size = 65
 59000 59004 59006 59008 59009 59010 59011 59013 59013 59014
 59014 59014 59014 59019 59022 59024 59024 59024 59025 59025
 59025 59027 59028 59028 59029 59030 59031 59034 59035 59036
 59039 59039 59039 59040 59040 59043 59044 59044 59045 59047
 59050 59050 59051 59053 59053 59054 59055 59056 59058 59060
 59060 59062 59062 59064 59066 59068 59068 59069 59074 59077
 59083 59092 59095 59095 59099

Array Size = 44
 60097 60001 60083 60018 60096 60093 60024 60006 60066 60024
 60050 60036 60026 60097 60002 60049 60045 60012 60033 60011
 60009 60001 60082 60022 60054 60097 60040 60014 60021 60011
 60079 60054 60040 60024 60014 60092 60093 60042 60002 60044
 60084 60064 60089 60034

Array Size = 25
 61003 61005 61013 61013 61019 61020 61025 61035 61036 61038
 61046 61047 61054 61058 61062 61063 61069 61076 61081 61087
 61091 61091 61092 61092 61098

Array Size = 45
 62036 62076 62003 62051 62032 62052 62052 62091 62009 62020
 62081 62005 62077 62093 62002 62058 62006 62088 62051 62006
 62032 62044 62063 62093 62064 62041 62066 62051 62004 62085
 62098 62071 62074 62012 62063 62069 62053 62079 62085 62048
 62042 62088 62068 62000 62079

Array Size = 44
 63000 63001 63002 63003 63008 63010 63015 63017 63018 63022
 63023 63023 63024 63027 63027 63028 63036 63041 63042 63043
 63043 63044 63045 63045 63045 63047 63051 63054 63056 63057
 63057 63058 63063 63064 63066 63073 63078 63079 63079 63080
 63088 63090 63095 63099

Array Size = 25
 64083 64037 64021 64084 64002 64071 64035 64061 64076 64035
 64082 64090 64044 64092 64036 64052 64065 64002 64085 64015
 64070 64047 64048 64090 64008

Array Size = 99
 65001 65002 65003 65003 65004 65004 65005 65006 65008 65008
 65009 65009 65010 65011 65011 65012 65013 65013 65013 65014
 65015 65016 65016 65017 65017 65018 65020 65020 65021 65021
 65021 65022 65022 65022 65023 65024 65024 65027 65030 65030
 65032 65032 65033 65034 65034 65035 65038 65040 65045 65048
 65049 65050 65050 65051 65051 65052 65052 65053 65054 65054
 65055 65056 65057 65060 65061 65061 65062 65062 65063 65063
 65064 65065 65068 65070 65070 65072 65072 65075 65076 65080
 65080 65080 65081 65081 65083 65083 65085 65085 65085 65085
 65086 65087 65087 65087 65088 65089 65091 65091 65097

Array Size = 37
 66047 66002 66016 66065 66061 66068 66071 66079 66076 66049
 66036 66048 66004 66046 66051 66090 66095 66091 66089 66069
 66030 66086 66093 66080 66032 66056 66017 66008 66030 66034
 66029 66024 66031 66097 66090 66026 66032

Array Size = 40
 67001 67001 67004 67011 67011 67011 67018 67024 67025 67026
 67032 67033 67035 67037 67043 67046 67047 67052 67053 67055
 67056 67060 67063 67064 67066 67067 67067 67068 67068 67072
 67073 67075 67076 67077 67080 67083 67086 67090 67092 67098


Array Size = 52
 68028 68075 68061 68042 68070 68045 68033 68090 68029 68022
 68076 68019 68027 68040 68044 68034 68097 68052 68051 68083
 68081 68040 68027 68074 68048 68000 68064 68032 68019 68050
 68088 68004 68046 68003 68040 68024 68006 68060 68090 68049
 68042 68006 68015 68059 68044 68072 68038 68021 68077 68088
 68072 68028

Array Size = 60
 69002 69005 69006 69007 69008 69008 69009 69009 69011 69013
 69016 69020 69021 69022 69023 69031 69032 69032 69034 69034
 69035 69035 69037 69039 69043 69044 69046 69049 69050 69053
 69054 69055 69057 69059 69059 69060 69060 69061 69063 69065
 69070 69071 69071 69071 69074 69075 69077 69077 69079 69081
 69083 69087 69089 69091 69093 69094 69097 69098 69098 69099


Array Size = 69
 70028 70019 70091 70028 70051 70000 70054 70036 70097 70093
 70096 70089 70042 70009 70092 70081 70041 70079 70000 70034
 70044 70030 70040 70057 70048 70055 70051 70062 70031 70042
 70062 70080 70036 70077 70017 70024 70011 70057 70034 70074
 70007 70088 70097 70054 70066 70063 70031 70042 70056 70096
 70060 70057 70091 70041 70031 70051 70019 70090 70095 70015
 70031 70033 70066 70069 70032 70022 70085 70052 70090

Array Size = 68
 71000 71001 71003 71004 71007 71009 71011 71011 71013 71013
 71014 71014 71015 71019 71024 71024 71025 71025 71026 71026
 71027 71029 71032 71032 71033 71035 71039 71041 71042 71042
 71045 71049 71050 71050 71051 71052 71054 71055 71061 71061
 71062 71062 71064 71065 71065 71067 71067 71068 71069 71074
 71074 71075 71077 71079 71082 71083 71084 71084 71085 71085
 71087 71088 71089 71091 71094 71095 71097 71098

Array Size = 59
 72057 72049 72024 72034 72081 72057 72030 72094 72041 72022
 72007 72002 72006 72084 72032 72095 72057 72029 72002 72037
 72027 72053 72015 72050 72062 72072 72010 72074 72027 72087
 72073 72091 72009 72030 72024 72056 72001 72015 72052 72033
 72071 72036 72094 72003 72065 72092 72092 72026 72043 72012
 72045 72078 72045 72083 72069 72086 72064 72064 72009

Array Size = 92
 73002 73002 73002 73003 73004 73006 73006 73007 73008 73009
 73009 73009 73010 73010 73011 73012 73012 73013 73014 73016
 73017 73017 73018 73022 73022 73024 73024 73025 73026 73028
 73028 73030 73032 73032 73032 73034 73034 73034 73035 73036
 73040 73043 73046 73046 73049 73051 73052 73054 73054 73055
 73055 73056 73056 73058 73058 73058 73060 73060 73062 73062
 73063 73064 73066 73066 73066 73067 73067 73067 73068 73070
 73070 73070 73075 73078 73078 73079 73081 73081 73084 73085
 73086 73087 73088 73089 73089 73090 73091 73091 73092 73095
 73095 73095

Array Size = 33
 74025 74094 74063 74026 74049 74082 74033 74051 74052 74094
 74093 74057 74088 74077 74052 74033 74050 74055 74039 74029
 74015 74055 74023 74000 74039 74021 74014 74001 74052 74013
 74064 74007 74082

Array Size = 60
 75002 75003 75003 75005 75006 75009 75010 75012 75014 75015
 75015 75016 75016 75016 75019 75023 75024 75024 75027 75028
 75029 75029 75030 75031 75033 75036 75041 75043 75044 75048
 75052 75053 75053 75056 75059 75060 75064 75066 75068 75070
 75071 75071 75073 75073 75074 75076 75076 75076 75077 75078
 75079 75080 75081 75082 75087 75090 75090 75092 75094 75096


Array Size = 14
 76051 76022 76087 76022 76051 76018 76076 76028 76059 76017
 76049 76043 76092 76034

Array Size = 70
 77001 77001 77003 77004 77005 77005 77005 77013 77018 77018
 77018 77019 77021 77024 77027 77029 77029 77035 77036 77037
 77037 77037 77039 77040 77045 77045 77046 77048 77048 77049
 77054 77054 77054 77055 77057 77058 77059 77060 77061 77062
 77062 77064 77064 77065 77068 77068 77069 77069 77070 77074
 77074 77076 77078 77078 77078 77080 77082 77083 77083 77083
 77083 77084 77085 77085 77085 77088 77090 77094 77095 77099


Array Size = 21
 78000 78074 78098 78000 78096 78036 78044 78092 78007 78012
 78016 78092 78071 78032 78072 78091 78003 78045 78086 78023
 78078

Array Size = 98
 79000 79000 79000 79002 79002 79002 79002 79003 79003 79004
 79005 79005 79005 79006 79008 79009 79010 79011 79012 79012
 79013 79014 79014 79014 79014 79015 79016 79017 79018 79020
 79025 79026 79027 79028 79030 79031 79033 79034 79035 79037
 79038 79038 79039 79039 79040 79040 79044 79046 79046 79047
 79049 79049 79049 79050 79052 79052 79053 79054 79054 79055
 79057 79060 79060 79061 79061 79063 79064 79066 79067 79072
 79073 79074 79074 79076 79076 79076 79078 79079 79079 79079
 79080 79082 79082 79083 79084 79084 79085 79087 79088 79088
 79092 79092 79093 79097 79097 79097 79098 79099

Array Size = 38
 80098 80080 80049 80038 80066 80054 80050 80032 80012 80014
 80045 80022 80037 80006 80011 80006 80051 80012 80057 80099
 80013 80082 80007 80097 80068 80038 80055 80051 80022 80032
 80091 80008 80092 80027 80079 80069 80059 80087

Array Size = 56
 81002 81005 81006 81009 81011 81012 81013 81014 81015 81015
 81015 81017 81017 81018 81019 81021 81026 81032 81032 81033
 81034 81035 81036 81038 81041 81042 81043 81049 81049 81050
 81052 81052 81053 81058 81059 81060 81062 81063 81064 81069
 81072 81076 81076 81076 81077 81078 81078 81078 81094 81095
 81095 81096 81096 81097 81098 81098

Array Size = 75
 82093 82050 82016 82050 82002 82041 82070 82055 82048 82027
 82061 82026 82049 82047 82047 82057 82055 82075 82091 82085
 82066 82011 82068 82091 82089 82003 82099 82078 82019 82033
 82030 82036 82041 82019 82083 82010 82047 82063 82014 82025
 82067 82061 82073 82095 82028 82017 82010 82047 82031 82031
 82030 82041 82043 82030 82061 82062 82018 82003 82035 82071
 82046 82014 82009 82093 82014 82029 82062 82036 82042 82033
 82012 82082 82073 82008 82052

Array Size = 62
 83001 83004 83005 83009 83010 83011 83011 83012 83012 83013
 83017 83017 83018 83021 83025 83026 83027 83029 83040 83043
 83044 83048 83049 83050 83050 83050 83053 83057 83058 83059
 83059 83060 83062 83062 83065 83066 83067 83068 83071 83072
 83072 83075 83078 83078 83080 83082 83083 83084 83087 83088
 83090 83091 83091 83091 83092 83093 83094 83095 83095 83096
 83096 83098

Array Size = 84
 84082 84098 84066 84095 84011 84095 84035 84010 84018 84089
 84037 84085 84048 84065 84084 84052 84059 84084 84068 84096
 84073 84006 84061 84023 84021 84092 84014 84049 84047 84020
 84001 84068 84045 84026 84076 84046 84026 84071 84036 84085
 84057 84035 84094 84061 84050 84028 84032 84091 84088 84087
 84076 84019 84063 84071 84036 84094 84034 84091 84029 84024
 84083 84030 84089 84095 84022 84016 84057 84031 84091 84062
 84010 84009 84013 84083 84012 84075 84013 84069 84079 84042
 84097 84059 84053 84035

Array Size = 91
 85003 85004 85004 85004 85004 85006 85007 85008 85008 85009
 85010 85012 85017 85018 85019 85020 85020 85022 85023 85023
 85027 85028 85028 85028 85033 85034 85034 85035 85038 85039
 85041 85042 85042 85042 85042 85043 85044 85044 85047 85047
 85048 85049 85050 85051 85054 85054 85055 85056 85056 85056
 85056 85057 85057 85058 85059 85060 85060 85060 85063 85064
 85065 85066 85067 85072 85072 85074 85077 85077 85078 85078
 85079 85080 85080 85082 85083 85084 85085 85086 85087 85092
 85092 85093 85093 85093 85093 85096 85096 85097 85097 85098
 85098

Array Size = 42
 86054 86038 86068 86017 86060 86026 86095 86025 86074 86005
 86015 86074 86088 86069 86073 86059 86010 86048 86076 86022
 86008 86039 86073 86022 86054 86044 86098 86052 86089 86096
 86009 86021 86004 86023 86013 86071 86077 86024 86027 86099
 86073 86034

Array Size = 81
 87000 87000 87000 87002 87004 87006 87007 87007 87008 87009
 87010 87011 87013 87014 87016 87017 87018 87019 87019 87019
 87021 87023 87024 87026 87027 87027 87028 87029 87030 87033
 87033 87033 87035 87037 87039 87040 87041 87042 87042 87043
 87044 87044 87045 87046 87048 87049 87049 87049 87051 87052
 87052 87053 87056 87057 87058 87059 87062 87063 87065 87068
 87068 87072 87072 87076 87076 87077 87081 87081 87082 87085
 87086 87087 87088 87089 87089 87092 87094 87095 87097 87098
 87098

Array Size = 94
 88038 88037 88015 88035 88072 88029 88038 88088 88007 88054
 88014 88042 88009 88078 88014 88063 88016 88038 88006 88054
 88080 88051 88021 88050 88033 88039 88056 88048 88067 88096
 88032 88030 88067 88009 88033 88064 88049 88009 88003 88022
 88083 88059 88025 88077 88018 88052 88041 88070 88072 88043
 88094 88076 88054 88077 88007 88065 88017 88042 88001 88012
 88003 88064 88012 88000 88020 88012 88025 88008 88086 88060
 88058 88056 88043 88033 88086 88047 88047 88023 88005 88083
 88068 88035 88085 88080 88087 88028 88042 88053 88092 88007
 88044 88065 88020 88062

Array Size = 34
 89001 89003 89003 89006 89008 89011 89011 89011 89015 89019
 89020 89020 89021 89021 89028 89029 89030 89030 89037 89037
 89040 89040 89041 89043 89049 89052 89056 89071 89073 89074
 89077 89080 89087 89098

Array Size = 82
 90030 90009 90082 90026 90009 90021 90018 90086 90062 90015
 90086 90076 90047 90092 90058 90081 90051 90045 90076 90032
 90065 90004 90063 90011 90029 90011 90077 90023 90017 90092
 90045 90095 90069 90078 90070 90027 90010 90065 90076 90099
 90034 90064 90084 90059 90060 90075 90021 90084 90004 90093
 90096 90026 90047 90058 90010 90029 90083 90091 90092 90043
 90070 90098 90088 90060 90070 90027 90030 90068 90037 90035
 90095 90015 90053 90063 90057 90043 90062 90091 90090 90024
 90020 90095

Array Size = 84
 91001 91002 91004 91004 91004 91004 91005 91005 91007 91010
 91010 91010 91011 91012 91013 91014 91015 91017 91018 91018
 91019 91019 91020 91024 91024 91026 91029 91030 91031 91032
 91032 91032 91033 91034 91034 91035 91035 91036 91037 91038
 91043 91043 91048 91049 91049 91050 91050 91051 91051 91051
 91054 91056 91060 91060 91062 91063 91065 91066 91068 91071
 91071 91073 91075 91076 91077 91078 91084 91086 91086 91087
 91087 91087 91090 91091 91091 91092 91093 91094 91095 91095
 91095 91097 91097 91098

Array Size = 71
 92023 92017 92034 92085 92038 92044 92049 92068 92042 92030
 92069 92081 92036 92013 92039 92010 92036 92027 92004 92068
 92051 92091 92021 92092 92032 92099 92002 92062 92093 92068
 92044 92036 92098 92052 92056 92061 92043 92065 92021 92091
 92074 92051 92033 92052 92031 92076 92034 92045 92030 92018
 92073 92063 92058 92036 92047 92029 92061 92015 92046 92077
 92035 92008 92071 92062 92012 92085 92044 92020 92018 92026
 92062

Array Size = 64
 93000 93000 93000 93006 93009 93009 93009 93011 93011 93013
 93015 93015 93018 93020 93023 93024 93025 93025 93027 93027
 93028 93030 93030 93031 93032 93033 93033 93035 93036 93040
 93040 93040 93041 93041 93044 93045 93045 93045 93047 93050
 93051 93053 93054 93055 93056 93057 93058 93059 93062 93068
 93070 93074 93082 93087 93090 93091 93091 93093 93096 93097
 93098 93098 93098 93099

Array Size = 18
 94003 94024 94075 94030 94045 94075 94014 94034 94085 94087
 94027 94046 94022 94044 94087 94048 94053 94002

Array Size = 26
 95000 95001 95001 95002 95010 95012 95018 95021 95022 95022
 95023 95035 95045 95045 95047 95049 95050 95051 95052 95071
 95071 95071 95072 95075 95079 95084

Array Size = 23
 96095 96082 96087 96056 96049 96059 96030 96079 96056 96028
 96097 96035 96014 96085 96017 96049 96042 96092 96086 96068
 96015 96026 96090

Array Size = 50
 97002 97002 97008 97009 97011 97015 97015 97016 97018 97021
 97025 97026 97027 97027 97028 97029 97031 97033 97034 97034
 97037 97040 97044 97045 97046 97055 97055 97056 97057 97057
 97058 97060 97061 97065 97065 97069 97070 97074 97075 97077
 97078 97080 97087 97088 97089 97093 97093 97094 97095 97097


Array Size = 95
 98074 98026 98047 98083 98007 98035 98091 98000 98064 98085
 98044 98076 98079 98025 98007 98078 98004 98020 98063 98085
 98069 98087 98005 98046 98055 98032 98058 98047 98022 98068
 98005 98025 98009 98003 98043 98037 98093 98001 98015 98008
 98018 98055 98049 98086 98093 98033 98020 98096 98009 98009
 98051 98083 98061 98055 98019 98088 98090 98092 98049 98091
 98054 98081 98078 98019 98075 98014 98018 98047 98066 98075
 98020 98075 98024 98023 98085 98014 98096 98040 98037 98086
 98064 98067 98089 98050 98088 98041 98053 98028 98075 98089
 98098 98079 98078 98090 98059

Array Size = 30
 99001 99013 99013 99014 99017 99017 99019 99022 99023 99025
 99027 99027 99028 99032 99032 99036 99041 99049 99049 99053
 99055 99057 99058 99061 99063 99070 99073 99084 99086 99092

95047 95048 95048 95050 95050 95051 95051
 95051 95052 95053 95054 95054 95055 95056 95056 95057 95058
 95059 95060 95060 95063 95064 95064 95066 95066 95067 95067
 95068 95068 95070 95071 95073 95075 95076 95079 95079 95079
 95083 95084 95085 95086 95087 95088 95088 95091 95091 95092
 95093 95093 95093 95097 95099

Array Size = 68
 96044 96013 96075 96043 96062 96017 96079 96068 96090 96030
 96052 96002 96013 96032 96002 96059 96051 96042 96043 96085
 96035 96032 96080 96067 96055 96026 96016 96020 96047 96041
 96036 96030 96090 96059 96086 96067 96080 96044 96025 96069
 96099 96051 96035 96088 96086 96028 96085 96092 96064 96039
 96046 96025 96058 96089 96063 96038 96009 96081 96057 96074
 96019 96013 96079 96092 96074 96061 96085 96006

Array Size = 18
 97007 97008 97012 97027 97049 97049 97050 97059 97070 97070
 97071 97071 97078 97087 97089 97089 97091 97094

Array Size = 94
 98089 98090 98096 98019 98007 98064 98021 98082 98055 98094
 98012 98069 98064 98037 98071 98080 98041 98014 98084 98067
 98056 98005 98043 98002 98085 98006 98063 98058 98058 98094
 98064 98054 98005 98091 98028 98096 98094 98043 98007 98009
 98068 98073 98037 98064 98034 98041 98010 98003 98014 98080
 98063 98012 98025 98089 98029 98057 98098 98067 98053 98043
 98085 98072 98060 98058 98065 98022 98035 98044 98007 98051
 98046 98093 98033 98024 98019 98095 98079 98070 98076 98098
 98038 98089 98023 98038 98035 98086 98004 98074 98047 98087
 98024 98009 98040 98010

Array Size = 60
 99004 99005 99006 99006 99007 99008 99012 99013 99015 99019
 99020 99022 99025 99026 99028 99028 99029 99034 99035 99035
 99036 99036 99037 99038 99040 99042 99043 99043 99045 99047
 99047 99051 99052 99053 99053 99054 99057 99059 99061 99066
 99066 99066 99070 99074 99075 99076 99078 99081 99081 99082
 99084 99088 99090 99091 99091 99092 99092 99095 99096 99098

7002 97002 97002 97004 97006 97008 97008 97009
 97010 97014 97017 97019 97020 97021 97024 97026 97027 97028
 97030 97031 97035 97036 97037 97037 97037 97038 97038 97038
 97039 97040 97040 97040 97042 97043 97046 97046 97046 97048
 97049 97056 97056 97057 97059 97059 97059 97060 97061 97062
 97062 97062 97063 97064 97065 97066 97069 97070 97073 97073
 97074 97075 97077 97079 97083 97083 97084 97087 97088 97088
 97091 97091 97091 97093 97093 97097

Array Size = 90
 98021 98095 98099 98020 98035 98044 98019 98033 98073 98031
 98060 98013 98006 98095 98003 98024 98093 98070 98005 98060
 98013 98040 98017 98002 98086 98029 98085 98009 98012 98015
 98088 98072 98046 98081 98011 98091 98044 98027 98066 98028
 98067 98044 98003 98074 98089 98036 98027 98060 98065 98094
 98056 98042 98010 98074 98009 98046 98062 98016 98055 98092
 98086 98039 98065 98069 98005 98057 98057 98013 98099 98021
 98037 98095 98062 98048 98058 98029 98002 98089 98073 98076
 98032 98054 98016 98030 98037 98076 98000 98095 98018 98071


Array Size = 57
 99004 99010 99011 99013 99014 99016 99017 99019 99019 99020
 99021 99022 99028 99028 99029 99029 99030 99030 99031 99031
 99034 99038 99039 99039 99042 99042 99044 99045 99047 99048
 99052 99052 99053 99054 99055 99055 99056 99057 99058 99062
 99063 99068 99071 99074 99079 99080 99080 99081 99081 99081
 99082 99086 99088 99089 99092 99092 99097
99019 99020 99021 99022 99023 99028 99030
 99031 99031 99032 99032 99032 99033 99035 99036 99037 99037
 99038 99038 99039 99039 99042 99044 99044 99044 99047 99048
 99049 99049 99050 99051 99051 99051 99052 99052 99052 99052
 99052 99053 99054 99054 99055 99055 99055 99056 99056 99056
 99057 99058 99059 99059 99060 99061 99064 99064 99066 99067
 99067 99068 99069 99072 99074 99076 99076 99077 99078 99084
 99084 99086 99090 99091 99091 99094 99095 99099 99099 99099

