
Array Size = 50
    19    25     0    31    51    65    96    30    62    90
     1    42    32    89    98    10    86    28    31    56
    21     9    16    77    82    14    66    92    86     4
    96    92    55    28    88    46     2    73    62    46
    65    57    66    95    49    35    85    19    81    31


Array Size = 50
  1083  1097  1019  1073  1042  1033  1011  1016  1035  1013
  1069  1076  1079  1090  1013  1089  1049  1091  1086  1037
  1024  1054  1079  1062  1043  1050  1053  1053  1015  1096
  1055  1010  1001  1072  1088  1092  1080  1078  1060  1083
  1000  1061  1057  1027  1000  1057  1041  1081  1095  1017


Array Size = 50
  2038  2063  2083  2018  2086  2081  2026  2092  2029  2071
  2067  2041  2017  2065  2001  2085  2078  2041  2082  2089
  2071  2094  2079  2041  2072  2078  2085  2099  2007  2059
  2014  2025  2046  2023  2077  2027  2054  2080  2074  2000
  2011  2066  2095  2090  2029  2070  2037  2033  2053  2074


Array Size = 50
  3008  3033  3013  3099  3031  3010  3091  3029  3029  3021
  3059  3071  3039  3092  3095  3092  3057  3073  3017  3002
  3089  3000  3089  3065  3076  3076  3020  3087  3046  3019
  3012  3024  3096  3033  3038  3096  3023  3047  3000  3098
  3037  3041  3062  3084  3047  3043  3038  3039  3083  3070


Array Size = 50
  4053  4063  4055  4013  4076  4026  4080  4047  4031  4032
  4007  4058  4065  4025  4094  4055  4038  4079  4076  4065
  4034  4017  4080  4081  4019  4087  4075  4003  4037  4073
  4052  4045  4034  4035  4075  4093  4076  4096  4042  4031
  4040  4089  4046  4044  4025  4022  4035  4095  4034  4078


Array Size = 50
  5061  5033  5055  5015  5094  5061  5065  5015  5089  5092
  5050  5023  5044  5037  5014  5057  5070  5047  5033  5044
  5086  5067  5022  5003  5093  5060  5071  5054  5020  5020
  5083  5075  5048  5064  5043  5038  5073  5096  5005  5071
  5079  5039  5024  5066  5025  5074  5039  5002  5021  5015


Array Size = 50
  6059  6098  6019  6031  6019  6058  6059  6080  6039  6014
  6056  6007  6066  6080  6066  6019  6037  6062  6044  6025
  6003  6020  6022  6020  6020  6073  6060  6071  6025  6070
  6050  6056  6063  6067  6024  6004  6040  6023  6070  6022
  6050  6013  6041  6024  6085  6093  6074  6077  6038  6078


Array Size = 50
  7052  7092  7042  7008  7087  7038  7081  7074  7096  7061
  7066  7058  7019  7023  7072  7098  7040  7079  7029  7072
  7073  7098  7076  7074  7032  7029  7011  7005  7022  7043
  7025  7023  7062  7046  7087  7006  7053  7006  7012  7033
  7071  7053  7004  7038  7062  7049  7031  7024  7034  7093


Array Size = 50
  8028  8069  8065  8041  8018  8086  8009  8098  8080  8025
  8065  8095  8033  8023  8006  8088  8067  8039  8082  8010
  8086  8074  8041  8042  8010  8040  8015  8000  8057  8045
  8004  8044  8012  8011  8023  8009  8002  8040  8098  8052
  8066  8035  8074  8001  8017  8062  8051  8022  8093  8028


Array Size = 50
  9015  9002  9026  9000  9028  9071  9076  9069  9045  9098
  9079  9047  9023  9001  9052  9075  9035  9056  9084  9072
  9044  9019  9021  9042  9056  9090  9028  9055  9034  9077
  9014  9020  9053  9065  9021  9008  9063  9068  9039  9099
  9069  9059  9028  9011  9072  9024  9080  9060  9017  9083


Array Size = 50
 10022 10088 10024 10024 10095 10050 10050 10077 10089 10099
 10096 10052 10080 10060 10099 10066 10000 10004 10036 10099
 10074 10054 10055 10049 10060 10027 10038 10018 10065 10034
 10064 10019 10053 10074 10056 10091 10086 10090 10076 10067
 10093 10088 10024 10097 10089 10053 10024 10058 10025 10088


Array Size = 50
 11000 11078 11041 11003 11058 11022 11040 11095 11049 11062
 11098 11077 11006 11060 11014 11040 11054 11060 11091 11066
 11030 11014 11004 11054 11037 11077 11056 11022 11024 11089
 11069 11048 11066 11058 11092 11042 11066 11082 11080 11043
 11023 11069 11023 11020 11006 11089 11024 11064 11083 11091


Array Size = 50
 12074 12095 12082 12063 12081 12043 12021 12097 12011 12096
 12018 12017 12082 12057 12011 12072 12081 12090 12007 12022
 12043 12004 12014 12046 12043 12018 12079 12018 12008 12064
 12025 12096 12092 12029 12076 12054 12084 12009 12007 12071
 12002 12070 12079 12018 12008 12031 12089 12004 12029 12014


Array Size = 50
 13059 13097 13088 13025 13007 13040 13040 13014 13099 13021
 13064 13039 13007 13031 13022 13059 13085 13083 13058 13006
 13064 13031 13017 13088 13008 13056 13025 13077 13041 13067
 13066 13078 13002 13061 13063 13046 13014 13054 13028 13034
 13062 13032 13006 13050 13001 13050 13030 13082 13054 13091


Array Size = 50
 14047 14032 14034 14060 14072 14071 14021 14027 14006 14071
 14035 14052 14072 14043 14041 14045 14062 14096 14087 14022
 14082 14061 14015 14045 14019 14066 14004 14098 14049 14064
 14002 14060 14036 14048 14034 14086 14023 14026 14040 14096
 14000 14078 14049 14050 14097 14050 14067 14082 14050 14018


Array Size = 50
 15045 15035 15035 15031 15060 15083 15043 15073 15057 15001
 15094 15059 15088 15065 15063 15058 15003 15096 15083 15090
 15079 15018 15098 15087 15035 15056 15040 15090 15059 15072
 15016 15006 15094 15030 15036 15048 15025 15080 15084 15076
 15063 15038 15054 15057 15009 15013 15089 15040 15047 15017


Array Size = 50
 16096 16060 16042 16015 16040 16068 16001 16072 16056 16083
 16045 16072 16031 16022 16067 16033 16061 16060 16080 16068
 16056 16042 16084 16070 16050 16070 16045 16042 16062 16025
 16023 16095 16070 16030 16031 16089 16028 16037 16025 16071
 16040 16065 16089 16031 16077 16036 16022 16086 16037 16046


Array Size = 50
 17021 17056 17047 17055 17036 17045 17095 17033 17047 17045
 17096 17056 17064 17010 17021 17022 17039 17096 17040 17003
 17061 17023 17041 17045 17068 17025 17093 17061 17002 17060
 17079 17036 17056 17089 17080 17063 17048 17056 17066 17025
 17045 17018 17090 17095 17098 17080 17094 17094 17097 17040


Array Size = 50
 18092 18011 18073 18012 18011 18068 18080 18051 18080 18056
 18027 18010 18074 18056 18078 18076 18066 18011 18017 18072
 18034 18006 18048 18015 18084 18059 18021 18048 18003 18059
 18066 18000 18024 18001 18038 18098 18078 18037 18034 18027
 18046 18060 18039 18032 18043 18031 18001 18041 18021 18066


Array Size = 50
 19033 19053 19056 19039 19023 19018 19055 19007 19050 19021
 19003 19013 19037 19062 19078 19001 19038 19022 19038 19095
 19037 19026 19078 19064 19069 19008 19084 19025 19094 19063
 19067 19091 19052 19027 19003 19005 19014 19038 19017 19082
 19060 19004 19012 19035 19082 19035 19065 19084 19080 19055


Array Size = 50
 20032 20006 20084 20020 20062 20057 20066 20083 20091 20016
 20013 20099 20033 20096 20062 20046 20066 20014 20012 20046
 20030 20054 20032 20043 20030 20009 20088 20039 20098 20045
 20012 20029 20067 20041 20059 20004 20020 20059 20058 20090
 20037 20058 20002 20093 20083 20092 20030 20059 20000 20014


Array Size = 50
 21007 21045 21021 21019 21075 21020 21069 21025 21002 21085
 21080 21020 21040 21043 21051 21092 21070 21037 21093 21030
 21054 21021 21006 21081 21013 21060 21064 21015 21023 21056
 21020 21094 21011 21062 21085 21021 21060 21059 21077 21041
 21002 21092 21032 21041 21067 21019 21009 21022 21056 21033


Array Size = 50
 22003 22057 22032 22078 22032 22004 22076 22094 22037 22087
 22090 22003 22064 22026 22012 22041 22012 22055 22093 22040
 22079 22080 22003 22017 22058 22011 22099 22020 22004 22045
 22061 22044 22009 22068 22003 22037 22009 22013 22071 22012
 22008 22022 22055 22013 22009 22007 22052 22074 22028 22018


Array Size = 50
 23004 23084 23006 23035 23074 23057 23025 23036 23039 23015
 23073 23000 23013 23001 23080 23064 23049 23026 23096 23045
 23078 23027 23054 23035 23017 23060 23065 23081 23011 23069
 23073 23088 23092 23075 23014 23041 23090 23060 23022 23061
 23083 23060 23029 23086 23067 23093 23081 23024 23039 23001


Array Size = 50
 24049 24012 24037 24003 24066 24015 24029 24069 24078 24053
 24043 24085 24062 24083 24093 24050 24095 24018 24088 24075
 24073 24024 24031 24014 24070 24020 24058 24097 24091 24076
 24013 24058 24062 24096 24055 24009 24009 24067 24072 24041
 24085 24014 24086 24038 24078 24002 24001 24013 24039 24086


Array Size = 50
 25065 25042 25060 25007 25083 25075 25022 25015 25025 25075
 25097 25028 25055 25088 25063 25000 25080 25007 25011 25038
 25037 25061 25061 25084 25053 25023 25004 25095 25056 25062
 25049 25009 25042 25030 25012 25009 25022 25080 25048 25026
 25024 25080 25028 25076 25040 25005 25074 25016 25012 25008


Array Size = 50
 26036 26089 26053 26086 26023 26033 26014 26045 26025 26003
 26044 26075 26050 26022 26019 26042 26056 26072 26010 26019
 26092 26029 26000 26044 26087 26055 26042 26027 26041 26078
 26055 26066 26001 26095 26063 26093 26052 26067 26088 26006
 26058 26015 26079 26098 26088 26004 26089 26009 26016 26026


Array Size = 50
 27044 27072 27003 27039 27077 27026 27076 27085 27043 27091
 27034 27032 27072 27048 27005 27050 27065 27069 27050 27057
 27025 27009 27021 27093 27006 27080 27076 27004 27060 27042
 27055 27029 27029 27088 27073 27033 27067 27063 27066 27054
 27008 27000 27046 27096 27028 27056 27086 27021 27041 27077


Array Size = 50
 28016 28098 28059 28006 28011 28028 28012 28082 28079 28043
 28042 28087 28064 28008 28048 28082 28017 28014 28085 28049
 28024 28019 28080 28097 28045 28064 28062 28069 28089 28042
 28050 28095 28059 28058 28094 28050 28077 28027 28059 28090
 28010 28079 28010 28045 28018 28053 28024 28058 28097 28029


Array Size = 50
 29072 29025 29020 29081 29031 29025 29035 29052 29055 29031
 29015 29033 29026 29008 29088 29066 29076 29081 29061 29002
 29043 29061 29071 29082 29068 29005 29085 29065 29042 29077
 29021 29068 29010 29054 29004 29014 29056 29011 29005 29023
 29079 29019 29069 29055 29073 29080 29001 29022 29064 29027


Array Size = 50
 30004 30062 30062 30020 30093 30081 30008 30017 30084 30020
 30037 30081 30087 30099 30004 30052 30001 30084 30082 30023
 30059 30042 30041 30042 30034 30025 30064 30079 30053 30044
 30008 30068 30029 30012 30059 30054 30005 30019 30053 30017
 30026 30005 30022 30004 30022 30040 30057 30073 30065 30001


Array Size = 50
 31076 31090 31087 31099 31003 31002 31015 31058 31067 31032
 31026 31055 31001 31067 31048 31000 31099 31054 31025 31082
 31036 31003 31073 31088 31071 31049 31028 31028 31079 31098
 31038 31026 31073 31016 31085 31078 31003 31087 31066 31045
 31006 31044 31059 31032 31016 31027 31037 31077 31014 31071


Array Size = 50
 32071 32063 32027 32074 32068 32092 32045 32030 32022 32034
 32087 32015 32065 32030 32084 32085 32062 32085 32055 32012
 32059 32033 32075 32005 32007 32001 32022 32006 32090 32011
 32043 32098 32020 32040 32015 32058 32079 32057 32089 32058
 32049 32006 32079 32005 32048 32084 32036 32083 32081 32031


Array Size = 50
 33047 33088 33075 33012 33050 33011 33054 33023 33082 33014
 33016 33098 33028 33085 33041 33084 33005 33085 33087 33044
 33072 33093 33009 33052 33061 33024 33078 33044 33019 33069
 33042 33086 33087 33076 33018 33078 33003 33057 33041 33096
 33056 33021 33069 33040 33018 33057 33012 33024 33096 33021


Array Size = 50
 34052 34088 34083 34008 34092 34061 34002 34021 34085 34007
 34024 34010 34096 34084 34047 34007 34020 34067 34048 34054
 34010 34013 34043 34072 34095 34085 34052 34005 34004 34035
 34082 34022 34063 34082 34089 34020 34045 34010 34035 34040
 34009 34034 34007 34095 34036 34047 34049 34029 34087 34073


Array Size = 50
 35095 35084 35003 35075 35018 35004 35084 35023 35087 35021
 35043 35004 35030 35041 35008 35042 35085 35084 35080 35087
 35074 35094 35048 35076 35014 35029 35076 35015 35076 35014
 35040 35037 35066 35088 35005 35016 35011 35041 35043 35093
 35046 35082 35055 35040 35056 35026 35009 35031 35085 35096


Array Size = 50
 36062 36050 36091 36027 36005 36009 36052 36060 36023 36048
 36033 36026 36034 36091 36030 36026 36061 36072 36000 36004
 36069 36001 36041 36032 36026 36022 36022 36090 36012 36051
 36017 36015 36075 36047 36008 36007 36071 36067 36043 36079
 36099 36080 36033 36040 36035 36017 36095 36019 36085 36041


Array Size = 50
 37026 37004 37045 37081 37012 37035 37052 37062 37069 37032
 37011 37023 37058 37039 37019 37034 37013 37095 37099 37011
 37074 37075 37030 37041 37044 37019 37086 37038 37023 37011
 37003 37007 37090 37092 37068 37067 37053 37005 37076 37083
 37051 37097 37068 37013 37070 37050 37083 37047 37075 37030


Array Size = 50
 38049 38044 38076 38026 38031 38095 38047 38018 38069 38032
 38083 38013 38093 38090 38092 38099 38029 38078 38048 38041
 38067 38087 38058 38048 38001 38024 38041 38062 38058 38017
 38099 38066 38048 38079 38099 38050 38030 38015 38035 38029
 38099 38077 38090 38023 38021 38002 38012 38084 38007 38045


Array Size = 50
 39026 39039 39039 39020 39004 39015 39009 39090 39030 39052
 39009 39017 39082 39021 39037 39005 39038 39071 39077 39048
 39061 39037 39044 39028 39081 39036 39015 39035 39027 39080
 39083 39086 39043 39052 39094 39072 39045 39076 39005 39004
 39083 39091 39021 39080 39050 39096 39028 39063 39023 39008


Array Size = 50
 40072 40006 40092 40047 40088 40067 40007 40060 40075 40033
 40086 40010 40098 40011 40057 40081 40029 40047 40083 40075
 40052 40012 40005 40038 40029 40090 40085 40086 40009 40004
 40089 40055 40066 40024 40072 40036 40070 40022 40003 40026
 40083 40087 40008 40055 40040 40073 40046 40046 40065 40015


Array Size = 50
 41035 41060 41090 41008 41092 41091 41000 41053 41023 41045
 41056 41020 41058 41022 41095 41017 41059 41076 41090 41007
 41049 41002 41060 41073 41028 41068 41031 41067 41021 41036
 41027 41086 41023 41042 41081 41024 41091 41056 41011 41070
 41028 41007 41092 41073 41092 41085 41070 41088 41048 41006


Array Size = 50
 42034 42067 42081 42010 42094 42063 42055 42025 42031 42002
 42052 42079 42098 42069 42050 42086 42003 42021 42008 42002
 42090 42065 42075 42011 42059 42060 42072 42063 42032 42008
 42026 42005 42016 42066 42059 42056 42046 42042 42046 42026
 42047 42075 42000 42027 42047 42023 42064 42090 42034 42066


Array Size = 50
 43078 43046 43033 43087 43005 43060 43010 43020 43052 43091
 43081 43066 43061 43023 43095 43019 43087 43040 43086 43061
 43022 43088 43039 43024 43077 43059 43019 43090 43036 43026
 43023 43040 43057 43073 43084 43090 43053 43034 43086 43064
 43069 43061 43080 43029 43007 43090 43024 43036 43063 43072


Array Size = 50
 44097 44085 44096 44073 44024 44055 44035 44077 44055 44014
 44094 44012 44011 44098 44084 44086 44025 44016 44002 44026
 44021 44055 44010 44015 44031 44098 44099 44003 44054 44017
 44044 44099 44006 44009 44052 44080 44055 44063 44086 44098
 44010 44083 44012 44000 44055 44005 44035 44072 44007 44008


Array Size = 50
 45085 45013 45081 45078 45075 45008 45078 45075 45030 45012
 45058 45001 45010 45015 45040 45028 45084 45041 45073 45090
 45001 45009 45070 45062 45051 45058 45090 45023 45016 45060
 45093 45008 45047 45088 45027 45042 45043 45066 45038 45069
 45032 45051 45020 45066 45020 45041 45020 45026 45000 45097


Array Size = 50
 46048 46040 46043 46052 46068 46089 46026 46056 46078 46044
 46094 46067 46058 46084 46088 46060 46013 46044 46093 46007
 46003 46041 46084 46041 46070 46030 46090 46039 46029 46097
 46038 46038 46066 46051 46026 46041 46075 46039 46053 46084
 46067 46047 46040 46039 46005 46034 46097 46092 46021 46038


Array Size = 50
 47094 47075 47024 47087 47051 47012 47043 47021 47087 47092
 47019 47092 47080 47054 47083 47060 47037 47081 47089 47050
 47074 47026 47089 47090 47068 47042 47082 47071 47030 47079
 47038 47006 47016 47037 47009 47094 47010 47050 47062 47051
 47011 47042 47028 47081 47028 47017 47036 47011 47097 47080


Array Size = 50
 48070 48056 48073 48083 48072 48014 48033 48089 48045 48099
 48083 48005 48031 48047 48007 48093 48049 48058 48047 48002
 48005 48092 48050 48094 48056 48091 48091 48069 48034 48087
 48092 48023 48016 48056 48073 48029 48098 48015 48021 48087
 48089 48071 48036 48040 48070 48077 48070 48020 48096 48082


Array Size = 50
 49050 49070 49004 49064 49031 49003 49012 49092 49090 49065
 49041 49057 49084 49052 49070 49012 49026 49067 49019 49076
 49021 49008 49022 49011 49037 49000 49042 49079 49053 49006
 49080 49080 49014 49020 49066 49003 49000 49017 49032 49071
 49024 49073 49048 49044 49063 49062 49070 49059 49061 49053


Array Size = 50
 50056 50093 50031 50020 50016 50042 50054 50032 50079 50031
 50009 50056 50084 50089 50044 50059 50026 50095 50005 50015
 50052 50093 50087 50052 50009 50051 50016 50019 50063 50094
 50013 50008 50053 50013 50028 50015 50063 50066 50061 50031
 50091 50003 50017 50035 50090 50082 50014 50004 50033 50030


Array Size = 50
 51028 51094 51055 51066 51000 51035 51012 51000 51070 51040
 51061 51055 51092 51055 51043 51096 51078 51045 51089 51058
 51028 51039 51096 51027 51069 51009 51092 51007 51097 51072
 51052 51056 51044 51092 51041 51002 51092 51055 51076 51019
 51047 51070 51080 51085 51082 51047 51034 51023 51065 51015


Array Size = 50
 52092 52037 52041 52025 52037 52052 52025 52064 52056 52086
 52043 52077 52085 52031 52074 52052 52043 52044 52027 52059
 52099 52019 52041 52096 52049 52053 52056 52017 52051 52035
 52028 52011 52057 52028 52043 52090 52006 52053 52049 52051
 52030 52095 52059 52085 52095 52018 52068 52033 52065 52093


Array Size = 50
 53057 53077 53038 53025 53049 53039 53061 53098 53055 53038
 53058 53049 53021 53087 53094 53040 53014 53037 53015 53021
 53047 53064 53081 53029 53049 53089 53065 53089 53021 53098
 53081 53077 53003 53058 53017 53099 53046 53024 53039 53046
 53026 53075 53090 53076 53017 53030 53086 53070 53018 53001


Array Size = 50
 54028 54047 54046 54070 54082 54076 54068 54038 54050 54031
 54062 54037 54012 54033 54030 54079 54035 54075 54098 54070
 54094 54080 54055 54049 54041 54051 54013 54058 54092 54069
 54035 54086 54029 54059 54051 54001 54030 54013 54097 54032
 54082 54080 54003 54005 54092 54076 54054 54017 54048 54024


Array Size = 50
 55099 55026 55005 55036 55049 55028 55010 55067 55021 55035
 55036 55051 55078 55048 55049 55005 55046 55041 55060 55017
 55063 55075 55052 55087 55091 55081 55066 55080 55072 55080
 55047 55098 55069 55010 55060 55064 55030 55003 55041 55017
 55084 55083 55012 55090 55077 55003 55073 55093 55027 55098


Array Size = 50
 56072 56064 56031 56006 56093 56048 56027 56067 56043 56043
 56019 56089 56019 56011 56076 56088 56055 56021 56046 56029
 56098 56005 56011 56082 56027 56093 56055 56083 56055 56009
 56079 56020 56049 56085 56092 56017 56080 56090 56067 56032
 56051 56099 56048 56059 56086 56080 56054 56025 56004 56072


Array Size = 50
 57094 57063 57037 57036 57011 57050 57098 57091 57034 57063
 57023 57001 57033 57040 57055 57009 57056 57055 57075 57013
 57082 57043 57007 57020 57079 57068 57048 57061 57043 57055
 57079 57026 57096 57086 57073 57017 57025 57049 57045 57044
 57089 57076 57071 57095 57091 57000 57023 57032 57080 57084


Array Size = 50
 58037 58084 58010 58022 58094 58042 58016 58053 58017 58062
 58077 58097 58017 58022 58021 58088 58022 58047 58080 58009
 58085 58070 58025 58032 58038 58011 58055 58042 58028 58087
 58040 58000 58068 58027 58044 58025 58051 58026 58061 58078
 58060 58043 58014 58017 58059 58000 58021 58050 58063 58040


Array Size = 50
 59098 59054 59089 59016 59076 59072 59059 59051 59007 59022
 59099 59040 59040 59004 59069 59046 59079 59036 59019 59036
 59035 59087 59048 59032 59077 59014 59093 59005 59013 59088
 59097 59046 59073 59010 59060 59000 59018 59052 59057 59027
 59093 59049 59097 59083 59036 59070 59058 59045 59001 59094


Array Size = 50
 60056 60000 60063 60065 60035 60054 60054 60026 60085 60028
 60093 60079 60038 60035 60089 60006 60060 60065 60043 60093
 60046 60006 60074 60019 60082 60099 60066 60069 60068 60053
 60011 60022 60036 60017 60074 60093 60066 60010 60007 60072
 60017 60068 60044 60041 60077 60040 60052 60002 60031 60035


Array Size = 50
 61014 61041 61019 61093 61047 61041 61076 61091 61061 61011
 61030 61076 61078 61004 61013 61061 61007 61031 61036 61054
 61045 61043 61084 61087 61018 61079 61091 61041 61051 61066
 61024 61075 61095 61087 61074 61089 61095 61066 61023 61077
 61090 61093 61065 61086 61032 61069 61042 61038 61063 61073


Array Size = 50
 62025 62035 62050 62046 62022 62098 62080 62000 62038 62005
 62047 62069 62025 62062 62013 62080 62018 62033 62052 62006
 62005 62073 62044 62012 62028 62049 62073 62011 62063 62083
 62076 62001 62059 62007 62009 62054 62059 62057 62093 62098
 62005 62077 62020 62039 62076 62093 62048 62014 62047 62055


Array Size = 50
 63010 63020 63027 63066 63094 63017 63099 63099 63007 63006
 63023 63046 63094 63041 63042 63013 63096 63055 63024 63088
 63083 63096 63095 63055 63029 63056 63065 63004 63015 63075
 63005 63045 63034 63062 63099 63013 63002 63004 63024 63001
 63016 63022 63097 63060 63086 63031 63064 63063 63030 63092


Array Size = 50
 64097 64034 64016 64047 64071 64065 64037 64008 64046 64026
 64077 64094 64027 64012 64023 64032 64051 64053 64071 64066
 64097 64064 64047 64044 64052 64094 64082 64006 64060 64023
 64083 64023 64011 64069 64031 64082 64081 64024 64019 64003
 64096 64036 64053 64011 64029 64054 64016 64091 64076 64053


Array Size = 50
 65055 65049 65001 65092 65071 65084 65073 65051 65056 65089
 65091 65002 65073 65000 65051 65047 65001 65093 65045 65033
 65070 65039 65019 65056 65007 65052 65082 65081 65042 65045
 65014 65087 65002 65021 65072 65081 65036 65094 65043 65054
 65077 65045 65093 65048 65037 65017 65031 65034 65048 65011


Array Size = 50
 66041 66029 66085 66020 66069 66073 66039 66012 66026 66033
 66016 66001 66001 66028 66090 66071 66084 66022 66017 66070
 66079 66041 66009 66009 66061 66002 66006 66033 66014 66090
 66013 66058 66093 66097 66068 66011 66016 66056 66047 66035
 66090 66016 66025 66075 66061 66073 66053 66026 66026 66019


Array Size = 50
 67006 67040 67035 67097 67064 67053 67034 67035 67081 67087
 67011 67026 67025 67095 67021 67081 67093 67037 67091 67032
 67052 67075 67022 67033 67046 67068 67093 67093 67012 67022
 67077 67076 67066 67089 67083 67052 67013 67066 67093 67067
 67055 67090 67073 67012 67068 67095 67079 67018 67046 67012


Array Size = 50
 68042 68029 68035 68038 68040 68076 68075 68057 68015 68045
 68047 68085 68090 68065 68042 68094 68091 68051 68052 68014
 68071 68086 68017 68008 68020 68012 68084 68008 68057 68068
 68043 68076 68016 68013 68084 68045 68079 68050 68089 68007
 68098 68035 68072 68060 68092 68066 68094 68080 68065 68071


Array Size = 50
 69075 69072 69095 69041 69019 69089 69066 69010 69027 69034
 69054 69002 69097 69053 69034 69032 69006 69074 69045 69059
 69077 69029 69045 69063 69083 69042 69009 69036 69006 69054
 69096 69098 69014 69000 69069 69007 69004 69041 69026 69091
 69014 69029 69084 69055 69014 69032 69066 69050 69033 69057


Array Size = 50
 70059 70060 70012 70091 70021 70017 70058 70057 70086 70018
 70040 70059 70063 70062 70060 70057 70053 70025 70036 70072
 70003 70045 70085 70000 70001 70007 70002 70082 70027 70090
 70040 70088 70091 70054 70026 70050 70047 70063 70026 70093
 70075 70062 70000 70034 70010 70082 70000 70090 70078 70092


Array Size = 50
 71064 71029 71006 71099 71069 71096 71067 71059 71006 71099
 71086 71076 71076 71004 71060 71010 71005 71054 71009 71012
 71058 71018 71066 71061 71045 71095 71017 71063 71058 71034
 71015 71065 71084 71027 71018 71094 71058 71074 71055 71066
 71047 71046 71075 71080 71052 71099 71054 71020 71044 71077


Array Size = 50
 72053 72070 72039 72010 72042 72031 72080 72082 72012 72068
 72083 72015 72062 72048 72020 72068 72022 72017 72077 72034
 72065 72069 72082 72002 72071 72060 72020 72092 72008 72013
 72056 72089 72049 72035 72075 72086 72014 72053 72017 72024
 72072 72080 72011 72039 72084 72074 72070 72059 72078 72006


Array Size = 50
 73061 73068 73042 73087 73027 73054 73035 73051 73040 73090
 73013 73089 73004 73098 73063 73049 73029 73026 73056 73090
 73010 73083 73028 73012 73045 73075 73092 73082 73011 73081
 73005 73007 73088 73093 73023 73067 73066 73096 73031 73000
 73017 73082 73043 73094 73065 73048 73089 73085 73001 73036


Array Size = 50
 74023 74022 74090 74061 74057 74045 74004 74016 74038 74095
 74069 74015 74036 74071 74027 74079 74043 74069 74082 74086
 74051 74014 74037 74075 74014 74048 74038 74053 74087 74085
 74014 74007 74020 74057 74090 74063 74093 74047 74067 74075
 74072 74050 74072 74053 74089 74017 74049 74039 74022 74079


Array Size = 50
 75060 75081 75093 75053 75086 75088 75056 75036 75054 75044
 75034 75045 75087 75064 75068 75065 75024 75041 75024 75065
 75075 75008 75087 75091 75037 75040 75077 75067 75087 75040
 75007 75025 75035 75057 75005 75040 75015 75049 75081 75045
 75007 75072 75079 75051 75053 75028 75065 75043 75006 75048


Array Size = 50
 76076 76098 76012 76023 76099 76022 76025 76032 76033 76031
 76019 76005 76098 76081 76058 76099 76050 76047 76078 76045
 76085 76017 76008 76062 76003 76018 76086 76017 76023 76085
 76087 76014 76027 76033 76012 76063 76088 76064 76099 76054
 76097 76061 76049 76010 76001 76099 76029 76007 76019 76067


Array Size = 50
 77095 77099 77002 77065 77027 77016 77030 77091 77094 77087
 77013 77078 77088 77016 77036 77053 77063 77068 77036 77028
 77062 77047 77032 77067 77026 77043 77030 77095 77030 77014
 77099 77028 77024 77036 77087 77056 77034 77024 77047 77098
 77029 77092 77041 77056 77070 77071 77032 77083 77055 77020


Array Size = 50
 78029 78062 78055 78039 78096 78015 78022 78085 78074 78040
 78056 78058 78014 78082 78083 78082 78033 78063 78059 78098
 78088 78015 78014 78044 78048 78037 78093 78014 78068 78035
 78077 78085 78075 78016 78051 78079 78067 78078 78035 78006
 78069 78077 78070 78040 78023 78006 78028 78007 78091 78020


Array Size = 50
 79063 79080 79041 79087 79081 79093 79054 79051 79073 79021
 79058 79027 79016 79077 79094 79074 79096 79048 79041 79059
 79054 79013 79060 79026 79021 79041 79032 79014 79047 79055
 79085 79050 79093 79023 79005 79029 79081 79081 79089 79068
 79098 79057 79070 79010 79055 79033 79098 79084 79029 79023


Array Size = 50
 80087 80082 80003 80006 80066 80098 80064 80055 80055 80027
 80001 80031 80022 80058 80000 80049 80049 80004 80016 80002
 80011 80022 80028 80059 80081 80060 80000 80076 80040 80083
 80004 80019 80058 80061 80019 80037 80030 80019 80064 80088
 80056 80006 80085 80095 80099 80084 80087 80083 80061 80046


Array Size = 50
 81083 81016 81009 81041 81013 81005 81090 81014 81018 81045
 81052 81017 81041 81004 81085 81022 81070 81068 81046 81088
 81017 81082 81097 81026 81062 81008 81043 81037 81096 81001
 81031 81027 81096 81031 81063 81000 81072 81025 81020 81000
 81022 81028 81004 81013 81045 81012 81094 81005 81026 81071


Array Size = 50
 82042 82003 82009 82075 82033 82008 82051 82036 82027 82073
 82015 82078 82053 82038 82090 82023 82014 82057 82070 82018
 82021 82065 82089 82051 82062 82069 82054 82072 82025 82053
 82057 82000 82031 82050 82076 82030 82009 82066 82061 82029
 82022 82021 82082 82057 82006 82023 82097 82008 82016 82086


Array Size = 50
 83090 83063 83098 83090 83052 83044 83077 83020 83034 83023
 83034 83009 83015 83074 83024 83097 83097 83069 83066 83059
 83047 83088 83053 83048 83075 83013 83069 83087 83009 83006
 83030 83097 83070 83044 83026 83086 83067 83010 83018 83025
 83054 83004 83058 83089 83033 83028 83020 83083 83003 83096


Array Size = 50
 84007 84022 84099 84038 84057 84093 84051 84062 84097 84096
 84091 84001 84014 84035 84041 84018 84000 84033 84014 84012
 84005 84019 84054 84052 84001 84068 84097 84066 84082 84079
 84017 84065 84095 84035 84071 84045 84097 84090 84071 84070
 84049 84021 84018 84063 84035 84035 84096 84028 84038 84006


Array Size = 50
 85021 85005 85005 85035 85011 85022 85087 85075 85029 85068
 85071 85007 85033 85012 85022 85055 85000 85066 85045 85088
 85089 85004 85086 85017 85042 85075 85010 85029 85004 85038
 85068 85057 85021 85011 85079 85037 85074 85069 85014 85003
 85075 85095 85047 85012 85061 85019 85091 85047 85057 85054


Array Size = 50
 86041 86012 86029 86009 86046 86014 86037 86078 86066 86053
 86015 86072 86022 86080 86001 86098 86067 86072 86091 86086
 86055 86046 86081 86000 86098 86078 86075 86056 86053 86025
 86063 86059 86090 86050 86044 86009 86034 86023 86037 86028
 86032 86086 86059 86022 86051 86005 86008 86057 86030 86065


Array Size = 50
 87066 87067 87047 87096 87008 87097 87032 87087 87061 87060
 87095 87012 87016 87044 87019 87037 87097 87030 87033 87025
 87063 87020 87063 87069 87068 87089 87069 87016 87011 87064
 87004 87039 87055 87053 87050 87007 87004 87082 87078 87040
 87077 87014 87006 87025 87092 87029 87064 87072 87003 87033


Array Size = 50
 88052 88063 88032 88000 88046 88081 88099 88051 88048 88041
 88059 88036 88037 88037 88084 88056 88082 88036 88081 88092
 88062 88064 88061 88035 88023 88038 88018 88053 88010 88009
 88088 88064 88094 88081 88040 88080 88040 88071 88067 88098
 88012 88056 88017 88004 88008 88034 88013 88059 88062 88072


Array Size = 50
 89088 89017 89026 89057 89028 89083 89011 89071 89054 89064
 89097 89057 89030 89005 89082 89041 89056 89071 89011 89011
 89097 89088 89032 89076 89028 89004 89086 89040 89079 89085
 89084 89021 89087 89067 89048 89015 89066 89068 89058 89074
 89097 89033 89092 89049 89093 89004 89030 89012 89079 89003


Array Size = 50
 90010 90066 90068 90017 90073 90082 90021 90004 90013 90085
 90059 90021 90016 90072 90038 90083 90029 90005 90065 90091
 90016 90027 90016 90005 90004 90072 90089 90097 90032 90022
 90003 90081 90015 90099 90058 90071 90073 90018 90066 90053
 90009 90020 90046 90075 90004 90035 90052 90034 90068 90099


Array Size = 50
 91015 91041 91004 91079 91057 91038 91033 91006 91074 91066
 91094 91083 91012 91032 91068 91057 91059 91052 91083 91006
 91043 91080 91053 91007 91062 91081 91034 91075 91012 91058
 91085 91086 91040 91057 91075 91021 91062 91071 91085 91093
 91009 91018 91007 91015 91083 91004 91001 91071 91019 91036


Array Size = 50
 92045 92096 92017 92013 92041 92010 92086 92035 92002 92034
 92010 92011 92091 92013 92073 92042 92041 92082 92010 92029
 92038 92012 92097 92072 92027 92011 92025 92039 92097 92060
 92081 92095 92099 92067 92071 92039 92098 92053 92006 92001
 92058 92078 92053 92029 92022 92086 92002 92047 92022 92063


Array Size = 50
 93028 93026 93020 93099 93083 93065 93077 93062 93037 93075
 93019 93036 93075 93026 93052 93062 93058 93027 93030 93043
 93070 93018 93049 93088 93074 93098 93049 93081 93022 93062
 93078 93096 93085 93037 93068 93027 93059 93023 93093 93003
 93017 93023 93026 93093 93096 93080 93023 93032 93028 93097


Array Size = 50
 94084 94085 94064 94059 94004 94023 94030 94044 94076 94037
 94064 94019 94082 94035 94020 94098 94040 94067 94069 94012
 94035 94093 94079 94015 94017 94004 94026 94012 94045 94056
 94047 94063 94037 94051 94032 94059 94041 94061 94019 94071
 94040 94073 94081 94090 94046 94091 94004 94043 94028 94088


Array Size = 50
 95041 95093 95070 95015 95053 95051 95012 95020 95008 95004
 95083 95079 95054 95056 95020 95082 95033 95018 95059 95074
 95042 95025 95050 95007 95023 95038 95040 95073 95092 95052
 95070 95094 95075 95034 95017 95036 95062 95015 95035 95049
 95077 95058 95077 95022 95082 95003 95051 95036 95095 95042


Array Size = 50
 96038 96043 96051 96019 96097 96029 96082 96014 96024 96023
 96077 96007 96095 96053 96059 96017 96068 96065 96055 96032
 96029 96095 96068 96057 96043 96078 96048 96030 96079 96057
 96038 96029 96087 96032 96043 96057 96099 96030 96004 96052
 96007 96058 96016 96069 96044 96093 96049 96093 96004 96068


Array Size = 50
 97088 97019 97043 97067 97087 97085 97057 97017 97030 97005
 97088 97089 97014 97012 97072 97020 97002 97030 97027 97016
 97048 97046 97064 97024 97020 97069 97067 97006 97044 97029
 97067 97052 97086 97019 97086 97019 97091 97013 97092 97054
 97011 97084 97086 97039 97043 97011 97029 97017 97027 97069


Array Size = 50
 98048 98048 98095 98031 98083 98099 98090 98070 98094 98065
 98034 98039 98067 98033 98072 98087 98089 98046 98041 98051
 98044 98078 98083 98002 98041 98012 98016 98003 98071 98046
 98019 98024 98002 98000 98038 98046 98023 98065 98085 98024
 98082 98060 98068 98069 98096 98068 98021 98057 98056 98099


Array Size = 50
 99004 99044 99019 99044 99049 99027 99043 99062 99012 99034
 99060 99032 99080 99097 99077 99027 99053 99088 99040 99000
 99055 99050 99037 99005 99009 99097 99030 99092 99087 99076
 99010 99069 99044 99028 99013 99006 99065 99093 99021 99052
 99034 99087 99082 99044 99030 99071 99042 99020 99050 99058

7031 97013
 97003 97087 97042 97027 97062 97089 97070 97095 97007 97089
 97024 97060 97043 97032 97043 97030 97044 97064 97084 97046


Array Size = 50
 98047 98094 98031 98085 98041 98074 98053 98045 98077 98078
 98011 98040 98017 98074 98066 98027 98013 98053 98008 98077
 98081 98005 98003 98093 98017 98034 98079 98019 98013 98087
 98065 98067 98024 98006 98079 98052 98083 98071 98004 98046
 98009 98079 98000 98084 98069 98030 98014 98014 98058 98074


Array Size = 50
 99042 99063 99013 99080 99010 99083 99044 99024 99030 99034
 99027 99048 99005 99034 99027 99011 99066 99001 99072 99069
 99031 99046 99008 99019 99050 99098 99082 99000 99045 99046
 99065 99025 99086 99021 99063 99061 99057 99070 99019 99057
 99061 99088 99080 99065 99039 99094 99063 99044 99028 99033

06 94012 94002 94021
 94034 94049

Array Size = 48
 95002 95003 95004 95009 95012 95013 95015 95015 95016 95017
 95018 95023 95024 95026 95027 95030 95031 95034 95034 95034
 95036 95036 95041 95042 95042 95045 95047 95047 95048 95050
 95057 95057 95064 95064 95065 95067 95071 95075 95077 95078
 95080 95086 95086 95088 95088 95094 95098 95099

Array Size = 95
 96006 96038 96074 96031 96096 96098 96046 96099 96089 96038
 96054 96066 96071 96082 96076 96085 96067 96078 96093 96005
 96049 96038 96014 96068 96009 96033 96079 96073 96026 96043
 96060 96082 96086 96045 96087 96013 96003 96027 96000 96006
 96000 96019 96031 96085 96055 96025 96039 96087 96051 96006
 96060 96083 96050 96062 96048 96002 96001 96047 96027 96025
 96081 96065 96054 96031 96093 96003 96078 96091 96045 96049
 96069 96003 96003 96076 96086 96031 96031 96035 96082 96041
 96001 96014 96098 96095 96030 96049 96099 96039 96068 96084
 96054 96045 96020 96077 96051

Array Size = 85
 97000 97000 97002 97004 97006 97006 97007 97007 97010 97010
 97010 97012 97012 97014 97014 97017 97017 97018 97018 97022
 97023 97023 97023 97024 97027 97030 97031 97032 97033 97034
 97035 97037 97037 97037 97037 97037 97039 97039 97039 97040
 97043 97045 97047 97048 97053 97053 97054 97055 97055 97055
 97055 97056 97059 97059 97060 97060 97063 97065 97067 97067
 97068 97068 97069 97070 97071 97071 97074 97074 97074 97075
 97077 97077 97078 97079 97080 97082 97082 97085 97085 97086
 97090 97093 97093 97095 97097

Array Size = 63
 98088 98017 98068 98079 98076 98010 98006 98050 98038 98011
 98001 98059 98087 98038 98066 98099 98054 98090 98046 98085
 98095 98088 98081 98090 98007 98065 98098 98020 98003 98012
 98097 98044 98012 98035 98016 98017 98063 98059 98024 98010
 98098 98002 98029 98040 98026 98041 98015 98021 98008 98075
 98075 98042 98036 98084 98073 98016 98061 98083 98075 98067
 98011 98072 98095

Array Size = 74
 99000 99001 99001 99001 99002 99006 99012 99012 99013 99013
 99015 99017 99018 99022 99023 99024 99026 99026 99027 99027
 99030 99032 99035 99036 99037 99038 99039 99041 99041 99041
 99042 99043 99043 99044 99045 99045 99046 99049 99050 99051
 99051 99051 99052 99053 99053 99055 99057 99059 99059 99059
 99060 99061 99061 99064 99064 99068 99068 99068 99070 99072
 99074 99074 99075 99076 99079 99079 99079 99081 99085 99092
 99092 99094 99094 99096
9009 99009 99010 99010
 99017 99018 99018 99020 99023 99028 99030 99032 99032 99034
 99036 99037 99039 99039 99041 99043 99047 99048 99048 99048
 99049 99049 99050 99051 99051 99052 99055 99056 99059 99061
 99062 99062 99062 99062 99067 99070 99072 99072 99072 99073
 99074 99074 99074 99077 99077 99077 99077 99080 99081 99085
 99086 99086 99088 99092 99092 99093 99094 99095 99095 99096
 99097 99098 99099 99099 99099
65 96011 96090 96097 96086 96012 96030 96066 96059
 96052 96044 96021 96088 96068 96074 96092 96098 96000 96070
 96013 96072 96049 96053 96008 96057 96075 96059 96067 96095
 96032 96052 96044 96090 96016 96025 96070 96050 96041 96007
 96093 96016 96031 96029

Array Size = 52
 97000 97001 97003 97004 97004 97008 97011 97011 97013 97018
 97018 97019 97020 97024 97024 97024 97026 97027 97030 97030
 97030 97031 97035 97036 97039 97039 97040 97042 97043 97044
 97046 97047 97048 97055 97056 97057 97058 97059 97061 97064
 97065 97067 97067 97070 97077 97078 97078 97079 97082 97083
 97088 97097

Array Size = 58
 98055 98097 98046 98085 98074 98088 98066 98084 98043 98067
 98046 98078 98035 98073 98041 98077 98059 98026 98083 98051
 98050 98020 98053 98091 98093 98013 98064 98012 98089 98018
 98017 98009 98070 98077 98001 98080 98023 98060 98009 98079
 98046 98078 98053 98095 98019 98036 98040 98001 98096 98002
 98078 98099 98004 98022 98030 98034 98003 98029

Array Size = 90
 99000 99002 99003 99004 99006 99006 99008 99009 99010 99011
 99012 99014 99014 99015 99015 99019 99020 99023 99023 99024
 99025 99025 99025 99025 99026 99026 99028 99033 99034 99036
 99037 99038 99040 99040 99042 99042 99044 99045 99045 99045
 99048 99050 99051 99054 99054 99054 99055 99056 99056 99057
 99059 99060 99062 99062 99063 99066 99068 99070 99071 99071
 99073 99073 99074 99075 99077 99080 99080 99081 99081 99081
 99082 99087 99087 99091 99091 99092 99093 99093 99093 99093
 99093 99094 99097 99097 99097 99097 99098 99098 99099 99099

